1623417489384 0.7683636546134949 0
1623417497181 0.8309090733528137 1
1623417505278 0.8463090658187866 2
1623417517433 0.8561636209487915 3
1623417527049 0.8621272444725037 4
1623417535898 0.8677636384963989 5
1623417545890 0.8722000122070312 6
1623417556562 0.8746727108955383 7
1623417564702 0.8785818219184875 8
1623417574410 0.8808363676071167 9
1623417583229 0.8839636445045471 10
1623417591856 0.8866000175476074 11
1623417603331 0.8893818259239197 12
1623417612548 0.8909454345703125 13
1623417622915 0.8936727046966553 14
1623417631085 0.8953818082809448 15
1623417640035 0.8978363871574402 16
1623417648383 0.8995272517204285 17
1623417656677 0.9016000032424927 18
1623417665953 0.9037818312644958 19
1623417674232 0.904872715473175 20
1623417682171 0.9074181914329529 21
1623417691917 0.907800018787384 22
1623417699958 0.9098363518714905 23
1623417702447 0.9016000032424927 24
