1623417489384 0.7051407098770142 0
1623417497181 0.4863598942756653 1
1623417505278 0.44242069125175476 2
1623417517433 0.41491782665252686 3
1623417527049 0.39401453733444214 4
1623417535898 0.3776867985725403 5
1623417545890 0.36445993185043335 6
1623417556562 0.352428138256073 7
1623417564702 0.3416897654533386 8
1623417574410 0.33271902799606323 9
1623417583229 0.32420963048934937 10
1623417591856 0.3162372410297394 11
1623417603331 0.30872994661331177 12
1623417612548 0.3014276325702667 13
1623417622915 0.2958349585533142 14
1623417631085 0.29010093212127686 15
1623417640035 0.2838599979877472 16
1623417648383 0.27839046716690063 17
1623417656677 0.27333343029022217 18
1623417665953 0.2679540514945984 19
1623417674232 0.26264095306396484 20
1623417682171 0.25850269198417664 21
1623417691917 0.2545316517353058 22
1623417699958 0.24961388111114502 23
1623417702447 0.27333343029022217 24
