1623416825927 0.7598545551300049 0
1623416830185 0.8295817971229553 1
1623416833749 0.8448181748390198 2
1623416837853 0.8534363508224487 3
1623416842836 0.8603454828262329 4
1623416846715 0.86649090051651 5
1623416863634 0.8705454468727112 6
1623416875190 0.8738545179367065 7
1623416886690 0.8778181672096252 8
1623416899713 0.8811454772949219 9
1623416911583 0.8844545483589172 10
1623416920807 0.8862909078598022 11
1623416931487 0.8893091082572937 12
1623416940952 0.8905090689659119 13
1623416950154 0.893890917301178 14
1623416959587 0.8949636220932007 15
1623416968880 0.8977636098861694 16
1623416976240 0.8985090851783752 17
1623416987106 0.9006727337837219 18
1623416996782 0.9018545746803284 19
1623417007124 0.9040545225143433 20
1623417016919 0.9066908955574036 21
1623417027610 0.9080908894538879 22
1623417039039 0.9087272882461548 23
1623417048429 0.911581814289093 24
1623417057962 0.9129636287689209 25
1623417069814 0.9150182008743286 26
1623417080079 0.9152363538742065 27
1623417089411 0.9174000024795532 28
1623417097093 0.918218195438385 29
