1623416825927 0.7366921305656433 0
1623416830185 0.4898994266986847 1
1623416833749 0.4436991214752197 2
1623416837853 0.41699454188346863 3
1623416842836 0.3963330388069153 4
1623416846715 0.3793843388557434 5
1623416863634 0.36605188250541687 6
1623416875190 0.3535705506801605 7
1623416886690 0.34313684701919556 8
1623416899713 0.33331385254859924 9
1623416911583 0.3246563971042633 10
1623416920807 0.31696152687072754 11
1623416931487 0.3093664050102234 12
1623416940952 0.3028048872947693 13
1623416950154 0.2958642840385437 14
1623416959587 0.29024097323417664 15
1623416968880 0.2845030128955841 16
1623416976240 0.2795962393283844 17
1623416987106 0.273751437664032 18
1623416996782 0.26910871267318726 19
1623417007124 0.26377859711647034 20
1623417016919 0.2594705820083618 21
1623417027610 0.2550555467605591 22
1623417039039 0.2500946521759033 23
1623417048429 0.24599042534828186 24
1623417057962 0.24220603704452515 25
1623417069814 0.23726685345172882 26
1623417080079 0.2340126633644104 27
1623417089411 0.23026631772518158 28
1623417097093 0.22804176807403564 29
